Turn,Predicted_Winner,P1_Prob,P2_Prob,Winner
1,0,50.33797762054413,49.66202237945587,0
2,0,50.33797762054413,49.66202237945587,0
3,0,50.33797762054413,49.66202237945587,0
4,0,55.01637175088025,44.98362824911974,0
5,1,42.89015252002137,57.109847479978626,0
6,0,75.2130551064606,24.786944893539392,0
7,0,76.87665775702274,23.12334224297726,0
8,0,81.02479459464101,18.975205405359,0
9,0,82.56223229388712,17.43776770611287,0
10,0,79.36119194407887,20.63880805592114,0
11,0,65.28871523232161,34.71128476767839,0
12,0,68.30059338752889,31.699406612471115,0
13,0,55.406123325255265,44.593876674744735,0
14,0,55.345673576884316,44.654326423115684,0
15,0,68.30059338752889,31.699406612471115,0
16,0,81.38891705022404,18.61108294977595,0
17,0,81.74537567523326,18.254624324766738,0
18,1,44.831460674157306,55.168539325842694,0
19,1,42.32850908029662,57.67149091970338,0
20,0,50.34458716580408,49.655412834195914,0
21,0,59.77784345598739,40.22215654401261,0
22,0,71.41376132698511,28.586238673014897,0
23,0,69.81126025012597,30.188739749874028,0
24,0,72.98751047720646,27.012489522793548,0
25,0,75.64125955519204,24.358740444807957,0
26,0,79.52112892963238,20.478871070367624,0
27,0,79.52112892963238,20.478871070367624,0
28,0,79.52112892963238,20.478871070367624,0
29,0,79.52112892963238,20.478871070367624,0
30,0,77.17054873570454,22.829451264295457,0
31,0,74.91086041617956,25.08913958382043,0
32,0,74.91086041617956,25.08913958382043,0
33,0,74.91086041617956,25.08913958382043,0
34,0,74.91086041617956,25.08913958382043,0
35,0,81.05469633247411,18.945303667525888,0
36,0,77.41665209535466,22.583347904645336,0
37,0,75.73462724469437,24.26537275530564,0
38,0,74.68638273850593,25.31361726149407,0
39,0,75.0778816199377,24.9221183800623,0
40,0,74.68638273850593,25.31361726149407,0
41,0,70.02044918493732,29.979550815062684,0
42,0,68.80476398054938,31.19523601945061,0
43,0,71.47099930118797,28.52900069881202,0
44,0,71.47099930118797,28.52900069881202,0
45,0,70.94189877208746,29.058101227912548,0
46,0,77.42680423509076,22.573195764909247,0
47,0,77.42680423509076,22.573195764909247,0
48,0,77.42680423509076,22.573195764909247,0
49,0,77.42680423509076,22.573195764909247,0
50,0,77.42680423509076,22.573195764909247,0
51,0,77.56743637750503,22.43256362249497,0
52,0,85.72571890304832,14.274281096951679,0
53,0,81.02074581233465,18.97925418766535,0
54,0,81.02074581233465,18.97925418766535,0
55,0,81.02074581233465,18.97925418766535,0
56,0,64.22827172827174,35.771728271728264,0
57,0,83.81354571770348,16.186454282296527,0
58,0,78.24945550095507,21.75054449904493,0
59,0,82.72411278275086,17.275887217249124,0
60,0,82.72411278275086,17.275887217249124,0
61,0,66.96412227713711,33.03587772286289,0
62,0,66.96412227713711,33.03587772286289,0
63,0,70.29282977558839,29.707170224411605,0
64,0,66.96412227713711,33.03587772286289,0
65,0,73.90856672158155,26.091433278418453,0
66,0,57.314435336976324,42.685564663023676,0
67,0,71.82742650020137,28.17257349979863,0
68,0,81.35123602401089,18.64876397598911,0
69,0,81.35123602401089,18.64876397598911,0
70,0,81.35123602401089,18.64876397598911,0
71,0,75.27985074626866,24.720149253731343,0
72,0,75.27985074626866,24.720149253731343,0
73,0,77.88550764844878,22.114492351551217,0
74,0,79.85013487088722,20.14986512911279,0
75,0,79.85013487088722,20.14986512911279,0
76,0,81.80951306212266,18.19048693787734,0
77,0,81.80951306212266,18.19048693787734,0
78,0,81.80951306212266,18.19048693787734,0
79,0,81.80951306212266,18.19048693787734,0
80,0,80.640965874158,19.359034125842,0
81,0,62.360525663277954,37.639474336722046,0
82,0,66.00917431192661,33.99082568807339,0
83,0,71.88175048921192,28.118249510788075,0
84,0,76.43861391313438,23.561386086865628,0
85,0,62.360525663277954,37.639474336722046,0
86,0,68.75113293847353,31.248867061526465,0
87,0,58.09393613904892,41.90606386095108,0
88,0,53.12452902136313,46.87547097863687,0
89,0,58.84353741496599,41.156462585034014,0
90,0,77.20178761297183,22.798212387028176,0
91,0,67.90670915206232,32.09329084793769,0
92,0,67.41378119929576,32.586218800704245,0
93,0,68.34457203179869,31.655427968201305,0
94,0,67.41378119929576,32.586218800704245,0
95,0,62.004453512964574,37.99554648703543,0
96,0,68.38153211028498,31.618467889715017,0
97,0,63.510329117901186,36.489670882098814,0
98,0,66.26761616388173,33.732383836118274,0
99,0,61.842717126913726,38.15728287308628,0
100,0,55.39766800343078,44.602331996569234,0
101,0,55.36192942489795,44.638070575102056,0
102,0,55.36192942489795,44.638070575102056,0
103,0,55.36192942489795,44.638070575102056,0
104,0,55.36192942489795,44.638070575102056,0
105,0,55.36192942489795,44.638070575102056,0
106,0,54.486591906387126,45.513408093612874,0
107,0,54.486591906387126,45.513408093612874,0
108,0,54.486591906387126,45.513408093612874,0
109,0,54.486591906387126,45.513408093612874,0
110,0,51.9535428658754,48.0464571341246,0
111,1,46.45404635752522,53.54595364247478,0
112,0,55.12788271057519,44.87211728942481,0
113,0,55.12788271057519,44.87211728942481,0
114,0,63.66859605602746,36.33140394397254,0
115,0,56.860844908653675,43.139155091346325,0
116,0,62.94824146694723,37.05175853305277,0
117,0,66.22697881060418,33.77302118939583,0
118,0,67.36853132201969,32.6314686779803,0
119,0,50.75963473045413,49.240365269545876,0
120,0,54.46998059738202,45.53001940261799,0
121,0,54.21378860374075,45.78621139625925,0
122,0,54.21378860374075,45.78621139625925,0
123,0,51.33040935672515,48.66959064327486,0
124,1,44.47217180883242,55.52782819116757,0
125,0,57.93556459180482,42.06443540819518,0
126,1,46.51702786377709,53.482972136222905,0
127,1,48.82032667876588,51.17967332123412,0
128,0,52.20035778175313,47.79964221824687,0
129,1,48.4907120743034,51.50928792569659,0
130,1,48.4907120743034,51.50928792569659,0
131,1,49.987924163748346,50.012075836251654,0
132,0,58.961895456766,41.038104543234,0
133,0,55.302307839023456,44.69769216097654,0
134,0,57.48299319727892,42.517006802721085,0
135,0,65.79710144927536,34.20289855072463,0
136,0,54.09663865546219,45.903361344537814,0
137,0,85.0391612955862,14.960838704413803,0
