Turn,Predicted_Winner,P1_Prob,P2_Prob,Winner
1,0,50.33797762054413,49.66202237945587,0
2,0,50.33797762054413,49.66202237945587,0
3,0,50.33797762054413,49.66202237945587,0
4,0,50.33797762054413,49.66202237945587,0
5,0,74.20723629740023,25.792763702599768,0
6,0,76.87665775702274,23.12334224297726,0
7,0,76.87665775702274,23.12334224297726,0
8,0,82.56223229388712,17.43776770611287,0
9,0,82.32403862547855,17.675961374521442,0
10,1,43.08483328199037,56.91516671800962,0
11,0,60.52096573047362,39.47903426952638,0
12,0,55.406123325255265,44.593876674744735,0
13,0,55.98279332822086,44.01720667177914,0
14,1,46.376028806584365,53.62397119341564,0
15,0,52.72172992895141,47.27827007104859,0
16,0,78.64799144052135,21.35200855947865,0
17,0,77.24756805670764,22.75243194329236,0
18,0,60.28682981601041,39.7131701839896,0
19,0,65.58476155631523,34.41523844368477,0
20,0,73.51500848145143,26.48499151854857,0
21,0,56.70313777274728,43.29686222725272,0
22,1,44.02434480188796,55.97565519811204,0
23,0,80.18887505188876,19.811124948111246,0
24,0,79.353230746339,20.646769253661017,0
25,0,85.48939157908595,14.510608420914057,0
26,0,66.61391588543907,33.38608411456093,0
27,1,45.89622912242438,54.10377087757562,0
28,0,69.18647993341295,30.813520066587053,0
29,0,72.95243204577969,27.047567954220312,0
30,0,72.95243204577969,27.047567954220312,0
31,0,77.86263086795002,22.137369132049983,0
32,0,77.86263086795002,22.137369132049983,0
33,0,77.86263086795002,22.137369132049983,0
34,0,75.15873015873015,24.841269841269842,0
35,0,70.35110060032746,29.648899399672544,0
36,0,66.63533834586465,33.36466165413533,0
37,0,83.48214285714286,16.517857142857142,0
38,0,78.96313771004692,21.03686228995307,0
39,0,83.81071280893158,16.18928719106842,0
40,0,79.00171043723051,20.998289562769482,0
41,0,81.42728427997451,18.572715720025474,0
42,0,79.67156866513432,20.328431334865687,0
43,0,80.5147753021148,19.485224697885194,0
44,0,81.42728427997451,18.572715720025474,0
45,0,81.42728427997451,18.572715720025474,0
46,0,68.48793622567544,31.512063774324574,0
47,0,68.48793622567544,31.512063774324574,0
48,0,73.74007936507935,26.259920634920636,0
49,0,79.68388718919299,20.316112810807002,0
50,0,74.86997847919656,25.130021520803442,0
51,0,73.763833572092,26.236166427908003,0
52,0,71.01203501094092,28.98796498905908,0
53,0,74.19485439420083,25.80514560579917,0
54,0,74.19485439420083,25.80514560579917,0
55,0,74.19485439420083,25.80514560579917,0
56,0,83.81354571770348,16.186454282296527,0
57,0,81.39167168358892,18.608328316411086,0
58,0,83.81354571770348,16.186454282296527,0
59,0,83.81354571770348,16.186454282296527,0
60,0,82.38176235060361,17.618237649396395,0
61,0,80.64769715636415,19.35230284363584,0
62,0,81.73913043478261,18.26086956521739,0
63,0,81.79468599033817,18.205314009661837,0
64,0,81.79468599033817,18.205314009661837,0
65,0,81.73913043478261,18.26086956521739,0
66,0,74.42724300020438,25.572756999795626,0
67,0,74.42724300020438,25.572756999795626,0
68,0,74.42724300020438,25.572756999795626,0
69,0,74.42724300020438,25.572756999795626,0
70,0,79.24004143516339,20.759958564836616,0
71,0,66.1110124158623,33.888987584137695,0
72,0,77.88550764844878,22.114492351551217,0
73,0,77.88550764844878,22.114492351551217,0
74,0,73.1837606837607,26.816239316239315,0
75,0,75.27985074626866,24.720149253731343,0
76,0,72.59593157651409,27.4040684234859,0
77,0,73.76447876447875,26.235521235521237,0
78,0,66.48629148629148,33.513708513708515,0
79,0,70.11077158135981,29.889228418640183,0
80,0,69.5084485407066,30.491551459293397,0
81,0,65.1582904629996,34.8417095370004,0
82,0,57.94969060514601,42.05030939485399,0
83,0,57.94969060514601,42.05030939485399,0
84,0,52.60727005483634,47.39272994516366,0
85,0,57.94969060514601,42.05030939485399,0
86,0,68.75113293847353,31.248867061526465,0
87,0,64.06521353889775,35.934786461102256,0
88,0,64.28187899553538,35.71812100446462,0
89,0,58.09393613904892,41.90606386095108,0
90,0,53.143577617261826,46.856422382738174,0
91,0,58.94118858790813,41.05881141209187,0
92,0,61.07366268046162,38.926337319538376,0
93,0,62.004453512964574,37.99554648703543,0
94,0,62.004453512964574,37.99554648703543,0
95,0,62.004453512964574,37.99554648703543,0
96,0,73.29249818876376,26.707501811236252,0
97,0,73.29249818876376,26.707501811236252,0
98,0,68.38153211028498,31.618467889715017,0
99,0,51.080638790136,48.91936120986401,0
100,0,51.080638790136,48.91936120986401,0
101,1,48.321123321123316,51.678876678876684,0
102,1,48.321123321123316,51.678876678876684,0
103,1,44.53405017921147,55.46594982078853,0
104,1,44.53405017921147,55.46594982078853,0
105,1,44.53405017921147,55.46594982078853,0
106,1,43.50562622309197,56.49437377690803,0
107,1,43.50562622309197,56.49437377690803,0
108,0,53.00055586436909,46.99944413563091,0
109,0,53.00055586436909,46.99944413563091,0
110,0,53.00055586436909,46.99944413563091,0
111,0,51.134500449568954,48.86549955043106,0
112,0,57.942251596942725,42.057748403057275,0
113,0,60.4506310137772,39.5493689862228,0
114,0,63.66859605602746,36.33140394397254,0
115,0,63.66859605602746,36.33140394397254,0
116,0,67.48993264009114,32.51006735990886,0
117,0,67.48993264009114,32.51006735990886,0
118,0,67.48993264009114,32.51006735990886,0
119,0,69.74948370297207,30.250516297027925,0
120,0,67.48993264009114,32.51006735990886,0
121,0,59.0776125811819,40.9223874188181,0
122,0,66.002406645195,33.99759335480502,0
123,0,70.1648434353502,29.83515656464979,0
124,0,70.1648434353502,29.83515656464979,0
125,0,70.1648434353502,29.83515656464979,0
126,0,93.49493995219078,6.505060047809221,0
127,0,92.82007506469927,7.179924935300733,0
128,0,89.16850130463143,10.831498695368557,0
129,0,89.16850130463143,10.831498695368557,0
130,0,87.82654127481713,12.173458725182863,0
